shape_id,shape_pt_lat,shape_pt_lon,shape_pt_sequence,shape_dist_traveled
8557,38.92475,-77.05227,0,
8557,38.92414,-77.0519,1,
8557,38.92353,-77.05152,2,
8557,38.92346,-77.05047,3,
8557,38.92338,-77.04943,4,
8557,38.92331,-77.04839,5,
8557,38.92324,-77.04734,6,
8557,38.92323,-77.04666,7,
8557,38.92322,-77.04598,8,
8557,38.92321,-77.04529,9,
8557,38.92321,-77.04397,10,
8557,38.92322,-77.04341,11,
8557,38.92316,-77.0431,12,
8557,38.92303,-77.04289,13,
8557,38.92268,-77.04269,14,
8557,38.92349,-77.04148,15,
8557,38.92416,-77.04047,16,
8557,38.92478,-77.03941,17,
8557,38.92526,-77.03855,18,
8557,38.92569,-77.03784,19,
8557,38.92611,-77.03712,20,
8557,38.92621,-77.03687,21,
8557,38.92695,-77.03756,22,
8557,38.92702,-77.03718,23,
8557,38.92713,-77.03673,24,
8557,38.92793,-77.03704,25,
8557,38.92864,-77.03731,26,
8557,38.92873,-77.03735,27,
8557,38.92872,-77.03722,28,
8557,38.92868,-77.03634,29,
8557,38.92863,-77.03533,30,
8557,38.92871,-77.03408,31,
8557,38.92875,-77.03317,32,
8557,38.92876,-77.03299,33,
8557,38.92877,-77.03283,34,
8557,38.92878,-77.03266,35,
8557,38.92814,-77.0326,36,
8557,38.92751,-77.03254,37,
8557,38.9268,-77.03247,38,
8557,38.92608,-77.0324,39,
8557,38.92536,-77.03233,40,
8557,38.92465,-77.03227,41,
8557,38.92381,-77.03218,42,
8557,38.92298,-77.0321,43,
8557,38.92214,-77.03201,44,
8557,38.92131,-77.03193,45,
8557,38.92054,-77.03187,46,
8557,38.91996,-77.03197,47,
8557,38.91871,-77.03198,48,
8557,38.91808,-77.03198,49,
8557,38.91775,-77.03198,50,
8557,38.91729,-77.03199,51,
8557,38.91721,-77.03199,52,
8557,38.91706,-77.032,53,
8557,38.91685,-77.032,54,
8557,38.91625,-77.03201,55,
8557,38.91509,-77.03201,56,
8557,38.91393,-77.03201,57,
8557,38.91277,-77.032,58,
8557,38.91161,-77.032,59,
8557,38.911,-77.03199,60,
8557,38.91039,-77.03199,61,
8557,38.91014,-77.03199,62,
8557,38.90989,-77.032,63,
8557,38.9096,-77.03199,64,
8557,38.9093,-77.03199,65,
8557,38.90814,-77.03198,66,
8557,38.90698,-77.03198,67,
8557,38.90655,-77.032,68,
8557,38.90628,-77.03199,69,
8557,38.90609,-77.032,70,
8557,38.90595,-77.03218,71,
8557,38.90584,-77.03233,72,
8557,38.90572,-77.03239,73,
8557,38.90558,-77.03238,74,
8557,38.90546,-77.03232,75,
8557,38.90534,-77.03226,76,
8557,38.90522,-77.03219,77,
8557,38.90514,-77.03213,78,
8557,38.90505,-77.03206,79,
8557,38.9049,-77.03201,80,
8557,38.9047,-77.03199,81,
8557,38.90443,-77.03199,82,
8557,38.90428,-77.03195,83,
8557,38.90373,-77.03197,84,
8557,38.90374,-77.03007,85,
8557,38.90374,-77.02963,86,
8557,38.90324,-77.02964,87,
8557,38.90275,-77.02964,88,
8557,38.90257,-77.02963,89,
8557,38.9024,-77.02962,90,
8557,38.90188,-77.02962,91,
8557,38.90136,-77.02961,92,
8557,38.90136,-77.02966,93,
8557,38.90136,-77.02966,94,
8557,38.90137,-77.03077,95,
8557,38.90138,-77.03189,96,
8556,38.90138,-77.03189,0,
8556,38.90194,-77.03188,1,
8556,38.90225,-77.03191,2,
8556,38.90261,-77.03193,3,
8556,38.90316,-77.03192,4,
8556,38.90362,-77.0319,5,
8556,38.90408,-77.0319,6,
8556,38.90459,-77.03189,7,
8556,38.9051,-77.03189,8,
8556,38.90528,-77.03184,9,
8556,38.90543,-77.03161,10,
8556,38.90559,-77.03151,11,
8556,38.90578,-77.03152,12,
8556,38.90631,-77.03186,13,
8556,38.90656,-77.03189,14,
8556,38.90699,-77.03193,15,
8556,38.90815,-77.03193,16,
8556,38.90899,-77.03193,17,
8556,38.90913,-77.03192,18,
8556,38.90934,-77.03193,19,
8556,38.91046,-77.03193,20,
8556,38.91162,-77.03193,21,
8556,38.91277,-77.03194,22,
8556,38.91393,-77.03194,23,
8556,38.91509,-77.03194,24,
8556,38.91625,-77.03194,25,
8556,38.91685,-77.03193,26,
8556,38.91737,-77.03193,27,
8556,38.91749,-77.03192,28,
8556,38.91765,-77.03192,29,
8556,38.91871,-77.03192,30,
8556,38.91995,-77.03192,31,
8556,38.92054,-77.0318,32,
8556,38.92131,-77.03185,33,
8556,38.92214,-77.03194,34,
8556,38.92298,-77.03203,35,
8556,38.92381,-77.03211,36,
8556,38.92464,-77.0322,37,
8556,38.92536,-77.03227,38,
8556,38.92608,-77.03234,39,
8556,38.92681,-77.03242,40,
8556,38.92753,-77.03249,41,
8556,38.9275,-77.03283,42,
8556,38.92749,-77.03311,43,
8556,38.92747,-77.03332,44,
8556,38.92742,-77.03425,45,
8556,38.92737,-77.03496,46,
8556,38.92697,-77.03571,47,
8556,38.92684,-77.03594,48,
8556,38.92676,-77.0361,49,
8556,38.92635,-77.0369,50,
8556,38.92582,-77.03776,51,
8556,38.92529,-77.03861,52,
8556,38.92482,-77.03945,53,
8556,38.92448,-77.04003,54,
8556,38.92356,-77.04147,55,
8556,38.92277,-77.04264,56,
8556,38.92298,-77.04276,57,
8556,38.92323,-77.04307,58,
8556,38.92328,-77.04341,59,
8556,38.92326,-77.0446,60,
8556,38.92327,-77.04529,61,
8556,38.92328,-77.04598,62,
8556,38.92329,-77.04667,63,
8556,38.9233,-77.04735,64,
8556,38.92337,-77.04837,65,
8556,38.92344,-77.04938,66,
8556,38.92351,-77.0504,67,
8556,38.92358,-77.05142,68,
8556,38.92354,-77.05202,69,
8556,38.92349,-77.05263,70,
8556,38.92405,-77.05259,71,
8556,38.92461,-77.05255,72,
8556,38.92475,-77.05227,73,
8549,38.90758,-77.04347,0,
8549,38.90725,-77.04347,1,
8549,38.90725,-77.0446,2,
8549,38.90724,-77.04572,3,
8549,38.90678,-77.04617,4,
8549,38.90631,-77.04662,5,
8549,38.9056,-77.04727,6,
8549,38.90535,-77.04752,7,
8549,38.90527,-77.04777,8,
8549,38.90526,-77.04893,9,
8549,38.90526,-77.05009,10,
8549,38.90526,-77.05128,11,
8549,38.90525,-77.05246,12,
8549,38.90526,-77.05365,13,
8549,38.90526,-77.05484,14,
8549,38.90527,-77.05525,15,
8549,38.90527,-77.05622,16,
8549,38.90526,-77.05803,17,
8549,38.90524,-77.05923,18,
8549,38.90522,-77.06044,19,
8549,38.9052,-77.0614,20,
8549,38.90518,-77.06287,21,
8549,38.90516,-77.06432,22,
8549,38.90513,-77.06564,23,
8549,38.9051,-77.06722,24,
8549,38.90506,-77.06867,25,
8549,38.90402,-77.06916,26,
8549,38.90298,-77.06966,27,
8549,38.90193,-77.07016,28,
8549,38.90089,-77.07066,29,
8549,38.90021,-77.07101,30,
8549,38.89995,-77.07137,31,
8549,38.8995,-77.0716,32,
8549,38.89926,-77.07175,33,
8549,38.89901,-77.07204,34,
8549,38.89873,-77.07232,35,
8549,38.89844,-77.07239,36,
8549,38.89829,-77.07219,37,
8549,38.89819,-77.07202,38,
8549,38.89812,-77.07175,39,
8549,38.89809,-77.07144,40,
8549,38.89741,-77.0715,41,
8822,38.88424,-76.99537,0,
8822,38.88409,-76.99503,1,
8822,38.88394,-76.99503,2,
8822,38.88362,-76.99502,3,
8822,38.88322,-76.99502,4,
8822,38.88281,-76.99501,5,
8822,38.88254,-76.99502,6,
8822,38.88227,-76.99503,7,
8822,38.88191,-76.99503,8,
8822,38.88159,-76.99502,9,
8822,38.88127,-76.99502,10,
8822,38.88098,-76.99502,11,
8822,38.88068,-76.99502,12,
8822,38.88018,-76.99502,13,
8822,38.87967,-76.99502,14,
8822,38.87927,-76.99502,15,
8822,38.87888,-76.99502,16,
8822,38.87851,-76.99502,17,
8822,38.87815,-76.99502,18,
8822,38.87792,-76.99503,19,
8822,38.8777,-76.99503,20,
8822,38.87749,-76.99503,21,
8822,38.87728,-76.99502,22,
8822,38.87691,-76.99502,23,
8822,38.87654,-76.99501,24,
8822,38.87654,-76.99557,25,
8822,38.87654,-76.99612,26,
8822,38.87654,-76.99729,27,
8822,38.87654,-76.99845,28,
8822,38.87655,-76.9992,29,
8822,38.87655,-76.99955,30,
8822,38.87655,-77.00001,31,
8822,38.87655,-77.0005,32,
8822,38.87655,-77.00099,33,
8822,38.87655,-77.00148,34,
8822,38.87655,-77.00197,35,
8822,38.87654,-77.00346,36,
8822,38.87654,-77.00496,37,
8822,38.87654,-77.00579,38,
8822,38.87654,-77.00662,39,
8822,38.87654,-77.00733,40,
8822,38.87654,-77.00805,41,
8822,38.87653,-77.00844,42,
8822,38.87654,-77.00887,43,
8822,38.87653,-77.00985,44,
8822,38.87654,-77.01116,45,
8822,38.87653,-77.01214,46,
8822,38.87653,-77.01311,47,
8822,38.87653,-77.01334,48,
8822,38.87652,-77.01356,49,
8822,38.87652,-77.01391,50,
8822,38.87652,-77.01425,51,
8822,38.87653,-77.01501,52,
8822,38.87653,-77.01576,53,
8822,38.87653,-77.01724,54,
8822,38.87653,-77.01782,55,
8822,38.87652,-77.01815,56,
8822,38.87652,-77.01848,57,
8822,38.87653,-77.01912,58,
8822,38.87653,-77.01985,59,
8822,38.87669,-77.02043,60,
8822,38.87712,-77.02086,61,
8822,38.87755,-77.0213,62,
8822,38.87796,-77.02178,63,
8822,38.87811,-77.02197,64,
8822,38.87826,-77.02215,65,
8822,38.87839,-77.0223,66,
8822,38.87851,-77.02244,67,
8822,38.87866,-77.02262,68,
8822,38.87894,-77.02224,69,
8822,38.87922,-77.02187,70,
8822,38.87964,-77.02186,71,
8822,38.87984,-77.02186,72,
8822,38.88051,-77.02186,73,
8822,38.88098,-77.02187,74,
8822,38.88275,-77.02186,75,
8822,38.88379,-77.02186,76,
8822,38.88484,-77.02185,77,
8822,38.88484,-77.02067,78,
8819,38.89596,-77.00525,0,
8819,38.8961,-77.00548,1,
8819,38.8962,-77.00552,2,
8819,38.89635,-77.00548,3,
8819,38.89647,-77.00539,4,
8819,38.89654,-77.00526,5,
8819,38.89664,-77.00502,6,
8819,38.89731,-77.0047,7,
8819,38.8973,-77.00351,8,
8819,38.89627,-77.00351,9,
8819,38.89524,-77.00351,10,
8819,38.89466,-77.00217,11,
8819,38.89408,-77.00083,12,
8819,38.89398,-77.00058,13,
8819,38.8933,-77.00058,14,
8819,38.89315,-77.00045,15,
8819,38.89309,-77.00026,16,
8819,38.89307,-76.99928,17,
8819,38.89305,-76.99831,18,
8819,38.89268,-76.99742,19,
8819,38.89232,-76.99653,20,
8819,38.89201,-76.99577,21,
8819,38.89171,-76.99501,22,
8819,38.89116,-76.99502,23,
8819,38.89029,-76.99501,24,
8819,38.89005,-76.99502,25,
8819,38.8898,-76.99502,26,
8819,38.88861,-76.99501,27,
8819,38.88742,-76.995,28,
8819,38.88655,-76.99501,29,
8819,38.88568,-76.99502,30,
8819,38.88445,-76.995,31,
8819,38.88369,-76.99498,32,
8819,38.8835,-76.99498,33,
8819,38.88317,-76.995,34,
8819,38.8826,-76.99499,35,
8819,38.88165,-76.995,36,
8819,38.88144,-76.99499,37,
8819,38.88123,-76.99498,38,
8819,38.88017,-76.995,39,
8819,38.8792,-76.99497,40,
8819,38.87833,-76.99497,41,
8819,38.87745,-76.99497,42,
8819,38.87662,-76.99498,43,
8819,38.87646,-76.99498,44,
8819,38.87645,-76.99465,45,
8819,38.87642,-76.99307,46,
8819,38.87642,-76.99234,47,
8819,38.87642,-76.99161,48,
8819,38.87517,-76.99156,49,
8819,38.87371,-76.9915,50,
8819,38.87345,-76.99141,51,
8819,38.8732,-76.99131,52,
8819,38.87265,-76.99104,53,
8819,38.87192,-76.99056,54,
8819,38.87143,-76.9902,55,
8819,38.8698,-76.98892,56,
8819,38.86921,-76.98848,57,
8819,38.86897,-76.98835,58,
8819,38.86879,-76.98827,59,
8819,38.86869,-76.98823,60,
8819,38.86841,-76.98822,61,
8819,38.86773,-76.98851,62,
8819,38.86735,-76.98867,63,
8819,38.867,-76.98883,64,
8819,38.86677,-76.98894,65,
8819,38.86555,-76.98946,66,
8819,38.86523,-76.9896,67,
8819,38.86502,-76.98971,68,
8819,38.86482,-76.98982,69,
8819,38.86435,-76.99005,70,
8819,38.86388,-76.99028,71,
8819,38.8632,-76.9915,72,
8819,38.86252,-76.99272,73,
8819,38.86223,-76.99322,74,
8819,38.86174,-76.9937,75,
8819,38.86171,-76.99375,76,
8819,38.86171,-76.99384,77,
8819,38.86174,-76.99393,78,
8819,38.86204,-76.99449,79,
8819,38.86222,-76.99477,80,
8819,38.86245,-76.99513,81,
8819,38.86273,-76.99563,82,
8819,38.86277,-76.9958,83,
8819,38.86265,-76.9962,84,
8819,38.86255,-76.9963,85,
8819,38.86239,-76.99627,86,
8819,38.86224,-76.99599,87,
8819,38.86188,-76.99529,88,
8819,38.86173,-76.99487,89,
8819,38.86185,-76.99464,90,
8819,38.86201,-76.9945,91,
8819,38.86173,-76.99399,92,
8819,38.86155,-76.99385,93,
8819,38.86146,-76.99381,94,
8819,38.86128,-76.99375,95,
8819,38.85981,-76.99354,96,
8819,38.85932,-76.99345,97,
8819,38.85911,-76.99341,98,
8819,38.85882,-76.99335,99,
8819,38.8584,-76.99328,100,
8819,38.85842,-76.99222,101,
8819,38.85843,-76.99194,102,
8819,38.85843,-76.99171,103,
8819,38.85848,-76.99104,104,
8819,38.85847,-76.99033,105,
8819,38.85846,-76.98947,106,
8819,38.85842,-76.98858,107,
8819,38.85801,-76.98774,108,
8819,38.85792,-76.98762,109,
8819,38.8575,-76.98732,110,
8819,38.8574,-76.98725,111,
8819,38.8573,-76.98719,112,
8819,38.8567,-76.98709,113,
8819,38.85611,-76.98699,114,
8819,38.85595,-76.98695,115,
8819,38.85579,-76.9869,116,
8819,38.85571,-76.98684,117,
8819,38.85562,-76.98677,118,
8819,38.85553,-76.9867,119,
8819,38.8552,-76.98654,120,
8819,38.85505,-76.98647,121,
8819,38.85493,-76.98637,122,
8819,38.85475,-76.9862,123,
8819,38.85464,-76.98608,124,
8819,38.85453,-76.98596,125,
8819,38.85448,-76.98588,126,
8819,38.85443,-76.98581,127,
8819,38.85423,-76.98546,128,
8819,38.85412,-76.98526,129,
8819,38.85365,-76.98362,130,
8819,38.85355,-76.98346,131,
8819,38.85343,-76.98336,132,
8819,38.85319,-76.98325,133,
8819,38.853,-76.98311,134,
8819,38.85287,-76.98296,135,
8819,38.85267,-76.98267,136,
8819,38.85251,-76.98245,137,
8819,38.8516,-76.9812,138,
8819,38.85146,-76.98107,139,
8819,38.85128,-76.98101,140,
8819,38.85075,-76.98101,141,
8819,38.85065,-76.98102,142,
8819,38.85052,-76.98102,143,
8819,38.84935,-76.98101,144,
8819,38.84879,-76.98099,145,
8819,38.84818,-76.98079,146,
8819,38.84747,-76.98053,147,
8819,38.84721,-76.98044,148,
8819,38.84692,-76.98035,149,
8819,38.84668,-76.9812,150,
8819,38.84643,-76.98206,151,
8819,38.84616,-76.98303,152,
8819,38.84588,-76.98399,153,
8819,38.84563,-76.98489,154,
8819,38.84538,-76.98579,155,
8819,38.84516,-76.98661,156,
8819,38.84493,-76.98743,157,
8819,38.84482,-76.9879,158,
8819,38.84475,-76.98841,159,
8819,38.84484,-76.98852,160,
8819,38.84516,-76.98853,161,
8819,38.84569,-76.98847,162,
8819,38.8461,-76.98835,163,
8819,38.84619,-76.9882,164,
8819,38.84619,-76.98799,165,
8819,38.84611,-76.98779,166,
8819,38.84603,-76.98771,167,
8819,38.8459,-76.98761,168,
8551,38.91768,-77.0694,0,
8551,38.91755,-77.06943,1,
8551,38.91692,-77.06944,2,
8551,38.91659,-77.06942,3,
8551,38.91662,-77.06865,4,
8551,38.91668,-77.06849,5,
8551,38.91639,-77.06825,6,
8551,38.91604,-77.068,7,
8551,38.91563,-77.06774,8,
8551,38.91517,-77.06748,9,
8551,38.91471,-77.06723,10,
8551,38.91403,-77.06687,11,
8551,38.91333,-77.06651,12,
8551,38.91266,-77.06616,13,
8551,38.91163,-77.06561,14,
8551,38.91113,-77.06534,15,
8551,38.91063,-77.06507,16,
8551,38.9101,-77.06479,17,
8551,38.90957,-77.06451,18,
8551,38.90855,-77.06397,19,
8551,38.90751,-77.06343,20,
8551,38.90648,-77.06288,21,
8551,38.90633,-77.06286,22,
8551,38.90573,-77.06286,23,
8551,38.90514,-77.06286,24,
8551,38.90516,-77.06167,25,
8551,38.90518,-77.06065,26,
8551,38.9052,-77.05928,27,
8551,38.90522,-77.05808,28,
8551,38.90518,-77.05788,29,
8551,38.90501,-77.05734,30,
8551,38.90485,-77.05681,31,
8551,38.90449,-77.05581,32,
8551,38.90406,-77.05455,33,
8551,38.9039,-77.05405,34,
8551,38.90366,-77.0533,35,
8551,38.90334,-77.05245,36,
8551,38.90305,-77.05166,37,
8551,38.9029,-77.0514,38,
8551,38.90278,-77.05108,39,
8551,38.9027,-77.05094,40,
8551,38.90253,-77.05078,41,
8551,38.9023,-77.05075,42,
8551,38.90212,-77.05058,43,
8551,38.90201,-77.05033,44,
8551,38.90198,-77.05008,45,
8551,38.90204,-77.04979,46,
8551,38.90211,-77.04959,47,
8551,38.90215,-77.04933,48,
8551,38.9021,-77.04909,49,
8551,38.90194,-77.04858,50,
8551,38.9018,-77.04819,51,
8551,38.90166,-77.04769,52,
8551,38.90147,-77.04713,53,
8551,38.90128,-77.04658,54,
8551,38.90114,-77.04617,55,
8551,38.90099,-77.04576,56,
8551,38.9007,-77.04492,57,
8551,38.90115,-77.04491,58,
8551,38.90159,-77.04491,59,
8551,38.90205,-77.04491,60,
8551,38.9025,-77.04491,61,
8551,38.9025,-77.04417,62,
8551,38.9025,-77.04344,63,
8551,38.9025,-77.04191,64,
8551,38.9025,-77.04019,65,
8551,38.9025,-77.03857,66,
8551,38.90251,-77.03711,67,
8551,38.90251,-77.03645,68,
8551,38.90251,-77.03556,69,
8551,38.9025,-77.03406,70,
8551,38.90251,-77.03266,71,
8551,38.90251,-77.0318,72,
8551,38.90251,-77.03034,73,
8551,38.90251,-77.02925,74,
8551,38.90251,-77.02811,75,
8551,38.90251,-77.02697,76,
8551,38.90252,-77.02598,77,
8551,38.90196,-77.026,78,
8551,38.9014,-77.026,79,
8551,38.90156,-77.02552,80,
8551,38.90178,-77.02486,81,
8551,38.90204,-77.02408,82,
8551,38.90208,-77.02366,83,
8551,38.90209,-77.02288,84,
8551,38.90211,-77.02195,85,
8551,38.90209,-77.02169,86,
8551,38.90173,-77.02069,87,
8551,38.9014,-77.01981,88,
8551,38.90119,-77.01924,89,
8551,38.90078,-77.01805,90,
8551,38.90054,-77.01731,91,
8551,38.90029,-77.01657,92,
8551,38.90016,-77.01635,93,
8551,38.89997,-77.01576,94,
8551,38.89981,-77.0153,95,
8551,38.89969,-77.01496,96,
8551,38.8995,-77.01446,97,
8551,38.89935,-77.01402,98,
8551,38.89915,-77.01346,99,
8551,38.89851,-77.01178,100,
8551,38.8984,-77.01137,101,
8551,38.89801,-77.01041,102,
8551,38.89762,-77.00944,103,
8551,38.89733,-77.00885,104,
8551,38.89707,-77.00824,105,
8551,38.8969,-77.00794,106,
8551,38.89672,-77.00777,107,
8551,38.89661,-77.00783,108,
8551,38.89614,-77.00906,109,
8551,38.89712,-77.00902,110,
8551,38.89772,-77.009,111,
8551,38.89874,-77.009,112,
8551,38.89976,-77.009,113,
8551,38.90016,-77.009,114,
8551,38.90016,-77.00774,115,
8551,38.90016,-77.00646,116,
8551,38.89933,-77.00671,117,
7685,38.89612,-77.00904,0,
7685,38.8964,-77.00827,1,
7685,38.8965,-77.008,2,
7685,38.89662,-77.00777,3,
7685,38.89624,-77.00755,4,
7685,38.89579,-77.0082,5,
7685,38.89535,-77.00886,6,
7685,38.89507,-77.00919,7,
7685,38.89482,-77.00952,8,
7685,38.89421,-77.01036,9,
7685,38.8936,-77.0112,10,
7685,38.89286,-77.01223,11,
7685,38.89212,-77.01325,12,
7685,38.89211,-77.01423,13,
7685,38.89211,-77.01522,14,
7685,38.89138,-77.01522,15,
7685,38.89066,-77.01523,16,
7685,38.89064,-77.01614,17,
7685,38.89062,-77.01727,18,
7685,38.89061,-77.01763,19,
7685,38.8906,-77.01873,20,
7685,38.89059,-77.01983,21,
7685,38.89057,-77.02092,22,
7685,38.89056,-77.02241,23,
7685,38.89055,-77.02303,24,
7685,38.89053,-77.02405,25,
7685,38.89052,-77.02511,26,
7685,38.89051,-77.02618,27,
7685,38.8905,-77.02724,28,
7685,38.89048,-77.0283,29,
7685,38.89048,-77.02872,30,
7685,38.89045,-77.03016,31,
7685,38.89044,-77.03108,32,
7685,38.89043,-77.03201,33,
7685,38.89014,-77.03302,34,
7685,38.88984,-77.03292,35,
7685,38.88958,-77.03288,36,
7685,38.88924,-77.0329,37,
7685,38.88893,-77.03298,38,
7685,38.88871,-77.03309,39,
7685,38.88869,-77.03321,40,
7685,38.88835,-77.03352,41,
7685,38.88822,-77.03353,42,
7685,38.88801,-77.03367,43,
7685,38.88754,-77.03371,44,
7685,38.88689,-77.03371,45,
7685,38.88623,-77.03372,46,
7685,38.88602,-77.03381,47,
7685,38.88559,-77.03381,48,
7685,38.88537,-77.03373,49,
7685,38.88456,-77.03373,50,
7685,38.88431,-77.03368,51,
7685,38.88401,-77.03329,52,
7685,38.88378,-77.03308,53,
7685,38.88347,-77.0329,54,
7685,38.88319,-77.03287,55,
7685,38.883,-77.03292,56,
7685,38.88277,-77.03305,57,
7685,38.88254,-77.03325,58,
7685,38.88188,-77.03389,59,
7685,38.88151,-77.03418,60,
7685,38.8811,-77.03438,61,
7685,38.88076,-77.03448,62,
7685,38.88051,-77.03458,63,
7685,38.88017,-77.03489,64,
7685,38.88001,-77.03521,65,
7685,38.8799,-77.03559,66,
7685,38.87987,-77.0361,67,
7685,38.87988,-77.03743,68,
7685,38.87988,-77.0381,69,
7685,38.87993,-77.03848,70,
7685,38.88006,-77.039,71,
7685,38.88008,-77.03923,72,
7685,38.88004,-77.03944,73,
7685,38.87993,-77.03985,74,
7685,38.88038,-77.0406,75,
7685,38.88039,-77.04085,76,
7685,38.88034,-77.04119,77,
7685,38.88034,-77.04143,78,
7685,38.88039,-77.04171,79,
7685,38.88062,-77.04211,80,
7685,38.88121,-77.04296,81,
7685,38.88179,-77.0438,82,
7685,38.88252,-77.04478,83,
7685,38.88325,-77.04575,84,
7685,38.88376,-77.04637,85,
7685,38.88399,-77.0461,86,
7685,38.88427,-77.04571,87,
7685,38.88443,-77.0453,88,
7685,38.88461,-77.0451,89,
7685,38.88481,-77.04496,90,
7685,38.88535,-77.04498,91,
7685,38.88555,-77.04502,92,
7685,38.88608,-77.04496,93,
7685,38.88656,-77.04497,94,
7685,38.88704,-77.04498,95,
7685,38.88709,-77.04625,96,
7685,38.88715,-77.04752,97,
7685,38.88719,-77.04882,98,
7685,38.88724,-77.05011,99,
7685,38.88812,-77.0501,100,
7685,38.88821,-77.05013,101,
7685,38.88832,-77.05025,102,
7685,38.88837,-77.05035,103,
7685,38.8884,-77.05049,104,
7685,38.88849,-77.05077,105,
7685,38.88866,-77.05102,106,
7685,38.88893,-77.05125,107,
7685,38.88921,-77.05131,108,
7685,38.88949,-77.05133,109,
7685,38.88986,-77.05113,110,
7685,38.89006,-77.0509,111,
7685,38.89018,-77.05058,112,
7685,38.89022,-77.05033,113,
7685,38.8902,-77.05001,114,
7685,38.89016,-77.04977,115,
7685,38.89015,-77.04956,116,
7685,38.89022,-77.04939,117,
7685,38.89066,-77.04904,118,
7685,38.89111,-77.04869,119,
7685,38.89155,-77.04834,120,
7685,38.89199,-77.04799,121,
7685,38.89207,-77.04784,122,
7685,38.89209,-77.04768,123,
7685,38.8921,-77.04699,124,
7685,38.8921,-77.04601,125,
7685,38.8921,-77.04503,126,
7685,38.89209,-77.04371,127,
7685,38.89209,-77.04239,128,
7685,38.89193,-77.04216,129,
7685,38.89192,-77.04174,130,
7685,38.89192,-77.04138,131,
7685,38.89208,-77.04115,132,
7685,38.89208,-77.04032,133,
7685,38.89208,-77.03949,134,
7685,38.89208,-77.03802,135,
7685,38.89208,-77.03655,136,
7685,38.89206,-77.0351,137,
7685,38.89205,-77.03365,138,
7685,38.89135,-77.03366,139,
7685,38.89107,-77.03363,140,
7685,38.89079,-77.03352,141,
7685,38.89063,-77.03352,142,
7685,38.89034,-77.03329,143,
7685,38.89024,-77.03311,144,
7685,38.89014,-77.03303,145,
7685,38.88984,-77.03293,146,
7685,38.88958,-77.03289,147,
7685,38.88924,-77.03292,148,
7685,38.88893,-77.03299,149,
7685,38.88886,-77.03303,150,
7685,38.88874,-77.03256,151,
7685,38.88861,-77.03209,152,
7685,38.88863,-77.03099,153,
7685,38.88864,-77.02989,154,
7685,38.88865,-77.02879,155,
7685,38.88865,-77.02833,156,
7685,38.88874,-77.02736,157,
7685,38.88893,-77.02685,158,
7685,38.88902,-77.02648,159,
7685,38.88906,-77.02607,160,
7685,38.88905,-77.02568,161,
7685,38.88899,-77.02527,162,
7685,38.88874,-77.02428,163,
7685,38.88871,-77.02303,164,
7685,38.88872,-77.02264,165,
7685,38.88873,-77.02205,166,
7685,38.88875,-77.02062,167,
7685,38.88877,-77.01954,168,
7685,38.88878,-77.01845,169,
7685,38.88879,-77.01737,170,
7685,38.8888,-77.01628,171,
7685,38.88881,-77.0152,172,
7685,38.88972,-77.01519,173,
7685,38.88993,-77.01518,174,
7685,38.89008,-77.01518,175,
7685,38.89066,-77.01517,176,
7685,38.89137,-77.01517,177,
7685,38.89207,-77.01517,178,
7685,38.89207,-77.01419,179,
7685,38.89207,-77.01321,180,
7685,38.89283,-77.01219,181,
7685,38.89359,-77.01116,182,
7685,38.89419,-77.01031,183,
7685,38.89479,-77.00946,184,
7685,38.89503,-77.00917,185,
7685,38.89515,-77.00903,186,
7685,38.89538,-77.00906,187,
7685,38.89612,-77.00904,188,
8548,38.89741,-77.0715,0,
8548,38.89713,-77.07147,1,
8548,38.89711,-77.07086,2,
8548,38.89775,-77.07083,3,
8548,38.89838,-77.07079,4,
8548,38.89891,-77.07076,5,
8548,38.89944,-77.07073,6,
8548,38.90008,-77.07078,7,
8548,38.90045,-77.07075,8,
8548,38.9016,-77.07022,9,
8548,38.90275,-77.0697,10,
8548,38.90389,-77.06916,11,
8548,38.90502,-77.06863,12,
8548,38.90505,-77.06759,13,
8548,38.9051,-77.06575,14,
8548,38.90512,-77.06431,15,
8548,38.90515,-77.06249,16,
8548,38.90516,-77.06164,17,
8548,38.90518,-77.06063,18,
8548,38.9052,-77.05918,19,
8548,38.90522,-77.05795,20,
8548,38.90501,-77.05728,21,
8548,38.9048,-77.05663,22,
8548,38.90457,-77.05592,23,
8548,38.90418,-77.0548,24,
8548,38.90394,-77.05406,25,
8548,38.90371,-77.05333,26,
8548,38.90373,-77.05224,27,
8548,38.90374,-77.0514,28,
8548,38.90375,-77.05005,29,
8548,38.90376,-77.04896,30,
8548,38.90416,-77.04858,31,
8548,38.90455,-77.0482,32,
8548,38.90494,-77.04783,33,
8548,38.90521,-77.04757,34,
8548,38.90569,-77.04712,35,
8548,38.90661,-77.04625,36,
8548,38.90725,-77.04566,37,
8548,38.90789,-77.04506,38,
8548,38.90788,-77.04426,39,
8548,38.90788,-77.04347,40,
8548,38.90758,-77.04347,41,
8550,38.89933,-77.00671,0,
8550,38.89916,-77.00675,1,
8550,38.89899,-77.00596,2,
8550,38.8992,-77.00588,3,
8550,38.90011,-77.00561,4,
8550,38.90028,-77.00563,5,
8550,38.90027,-77.00738,6,
8550,38.90027,-77.00914,7,
8550,38.89916,-77.00914,8,
8550,38.89819,-77.00913,9,
8550,38.89754,-77.00912,10,
8550,38.89769,-77.0095,11,
8550,38.89807,-77.01042,12,
8550,38.89846,-77.01135,13,
8550,38.89861,-77.01167,14,
8550,38.89905,-77.01278,15,
8550,38.89948,-77.0139,16,
8550,38.89966,-77.01431,17,
8550,38.89988,-77.01492,18,
8550,38.90004,-77.0155,19,
8550,38.90017,-77.01586,20,
8550,38.90035,-77.01662,21,
8550,38.90059,-77.01731,22,
8550,38.90079,-77.0179,23,
8550,38.90104,-77.01858,24,
8550,38.90145,-77.01978,25,
8550,38.90179,-77.02067,26,
8550,38.90209,-77.0215,27,
8550,38.90217,-77.02183,28,
8550,38.90215,-77.02275,29,
8550,38.90213,-77.02367,30,
8550,38.90216,-77.02422,31,
8550,38.90196,-77.02478,32,
8550,38.90176,-77.02533,33,
8550,38.90157,-77.0259,34,
8550,38.90138,-77.02646,35,
8550,38.90136,-77.02703,36,
8550,38.90196,-77.02704,37,
8550,38.90256,-77.02705,38,
8550,38.90256,-77.02778,39,
8550,38.90256,-77.02858,40,
8550,38.90256,-77.02943,41,
8550,38.90256,-77.0303,42,
8550,38.90256,-77.03139,43,
8550,38.90256,-77.03227,44,
8550,38.90255,-77.03324,45,
8550,38.90255,-77.03468,46,
8550,38.90255,-77.03557,47,
8550,38.90256,-77.03669,48,
8550,38.90256,-77.03768,49,
8550,38.90256,-77.0389,50,
8550,38.90256,-77.03986,51,
8550,38.90255,-77.04082,52,
8550,38.90255,-77.0418,53,
8550,38.90255,-77.04293,54,
8550,38.90255,-77.04375,55,
8550,38.90256,-77.04471,56,
8550,38.90256,-77.04568,57,
8550,38.90256,-77.04665,58,
8550,38.90232,-77.04666,59,
8550,38.90183,-77.04667,60,
8550,38.90135,-77.04668,61,
8550,38.90155,-77.04727,62,
8550,38.90175,-77.04785,63,
8550,38.90191,-77.04816,64,
8550,38.90203,-77.04842,65,
8550,38.90226,-77.0491,66,
8550,38.90239,-77.04927,67,
8550,38.90257,-77.04942,68,
8550,38.90276,-77.04947,69,
8550,38.90294,-77.04965,70,
8550,38.90306,-77.04991,71,
8550,38.90307,-77.05024,72,
8550,38.90301,-77.05047,73,
8550,38.90282,-77.05078,74,
8550,38.90268,-77.05106,75,
8550,38.90264,-77.05131,76,
8550,38.90264,-77.05216,77,
8550,38.90265,-77.05301,78,
8550,38.90256,-77.05345,79,
8550,38.90256,-77.05431,80,
8550,38.90257,-77.05517,81,
8550,38.90257,-77.05597,82,
8550,38.90258,-77.05677,83,
8550,38.90259,-77.05766,84,
8550,38.90259,-77.05855,85,
8550,38.9026,-77.05981,86,
8550,38.9026,-77.06132,87,
8550,38.90261,-77.06213,88,
8550,38.90261,-77.06278,89,
8550,38.90326,-77.06278,90,
8550,38.90391,-77.06277,91,
8550,38.90445,-77.06277,92,
8550,38.905,-77.06277,93,
8550,38.90577,-77.06277,94,
8550,38.90633,-77.06277,95,
8550,38.9065,-77.06282,96,
8550,38.90739,-77.06327,97,
8550,38.90879,-77.06402,98,
8550,38.90949,-77.0644,99,
8550,38.91083,-77.06511,100,
8550,38.91165,-77.06555,101,
8550,38.91267,-77.0661,102,
8550,38.91384,-77.06672,103,
8550,38.91473,-77.06719,104,
8550,38.91519,-77.06743,105,
8550,38.91565,-77.06768,106,
8550,38.91595,-77.06788,107,
8550,38.91625,-77.06808,108,
8550,38.917,-77.06867,109,
8550,38.91775,-77.06932,110,
8550,38.91768,-77.0694,111,
8823,38.88484,-77.02053,0,
8823,38.88483,-77.01994,1,
8823,38.88445,-77.01994,2,
8823,38.88407,-77.01994,3,
8823,38.88366,-77.01994,4,
8823,38.88325,-77.01995,5,
8823,38.88325,-77.02046,6,
8823,38.88325,-77.02097,7,
8823,38.88325,-77.02145,8,
8823,38.88325,-77.02194,9,
8823,38.88279,-77.02195,10,
8823,38.88233,-77.02197,11,
8823,38.88183,-77.02197,12,
8823,38.88133,-77.02197,13,
8823,38.88081,-77.02198,14,
8823,38.88029,-77.02199,15,
8823,38.87997,-77.02199,16,
8823,38.87963,-77.022,17,
8823,38.8793,-77.022,18,
8823,38.879,-77.02237,19,
8823,38.87871,-77.02274,20,
8823,38.87858,-77.02278,21,
8823,38.87851,-77.02268,22,
8823,38.87836,-77.02248,23,
8823,38.87798,-77.022,24,
8823,38.87755,-77.0215,25,
8823,38.87658,-77.02054,26,
8823,38.8764,-77.0199,27,
8823,38.8764,-77.01875,28,
8823,38.87641,-77.01768,29,
8823,38.8764,-77.01747,30,
8823,38.87641,-77.01708,31,
8823,38.87641,-77.01668,32,
8823,38.87641,-77.01577,33,
8823,38.87641,-77.01479,34,
8823,38.87641,-77.0138,35,
8823,38.87642,-77.01346,36,
8823,38.87642,-77.01303,37,
8823,38.87642,-77.0121,38,
8823,38.87643,-77.01075,39,
8823,38.87643,-77.00917,40,
8823,38.87643,-77.00781,41,
8823,38.87643,-77.00739,42,
8823,38.87643,-77.00667,43,
8823,38.87643,-77.00594,44,
8823,38.87641,-77.00421,45,
8823,38.87642,-77.00384,46,
8823,38.87643,-77.00329,47,
8823,38.87644,-77.00273,48,
8823,38.87643,-77.00134,49,
8823,38.87644,-77.00072,50,
8823,38.87645,-77.00026,51,
8823,38.87646,-76.99885,52,
8823,38.87646,-76.99803,53,
8823,38.87646,-76.9973,54,
8823,38.87647,-76.99657,55,
8823,38.87647,-76.99496,56,
8823,38.87729,-76.99495,57,
8823,38.87762,-76.99495,58,
8823,38.87783,-76.99495,59,
8823,38.87805,-76.99495,60,
8823,38.8783,-76.99495,61,
8823,38.87879,-76.99494,62,
8823,38.87922,-76.99495,63,
8823,38.87976,-76.99495,64,
8823,38.88017,-76.99493,65,
8823,38.88081,-76.99492,66,
8823,38.88114,-76.99492,67,
8823,38.88141,-76.99492,68,
8823,38.88177,-76.99492,69,
8823,38.88213,-76.99492,70,
8823,38.88249,-76.99492,71,
8823,38.88274,-76.99491,72,
8823,38.88295,-76.99492,73,
8823,38.88341,-76.99493,74,
8823,38.88385,-76.99493,75,
8823,38.88429,-76.99494,76,
8823,38.88462,-76.99576,77,
8823,38.88495,-76.99659,78,
8823,38.88532,-76.99748,79,
8823,38.88569,-76.99837,80,
8823,38.88591,-76.9989,81,
8823,38.88628,-76.99981,82,
8823,38.88637,-77.00005,83,
8823,38.88648,-77.00035,84,
8823,38.88646,-77.00045,85,
8823,38.88639,-77.00054,86,
8823,38.88633,-77.00053,87,
8823,38.88587,-76.9994,88,
8823,38.8854,-76.99826,89,
8823,38.88503,-76.99738,90,
8823,38.88448,-76.99604,91,
8823,38.88424,-76.99537,92,
8818,38.84585,-76.98759,0,
8818,38.8457,-76.98757,1,
8818,38.84546,-76.98758,2,
8818,38.84513,-76.98763,3,
8818,38.84503,-76.98768,4,
8818,38.84499,-76.98781,5,
8818,38.84501,-76.98806,6,
8818,38.8451,-76.98837,7,
8818,38.84513,-76.98863,8,
8818,38.84464,-76.98857,9,
8818,38.84478,-76.98777,10,
8818,38.84493,-76.98725,11,
8818,38.84552,-76.98502,12,
8818,38.84566,-76.9845,13,
8818,38.84608,-76.98306,14,
8818,38.84637,-76.98205,15,
8818,38.84668,-76.98095,16,
8818,38.84689,-76.98026,17,
8818,38.84706,-76.98033,18,
8818,38.84723,-76.9804,19,
8818,38.84742,-76.98047,20,
8818,38.8479,-76.98065,21,
8818,38.84825,-76.98077,22,
8818,38.84859,-76.98089,23,
8818,38.84883,-76.98095,24,
8818,38.84921,-76.98096,25,
8818,38.84992,-76.98098,26,
8818,38.85027,-76.98099,27,
8818,38.85051,-76.981,28,
8818,38.85069,-76.981,29,
8818,38.85084,-76.98101,30,
8818,38.85124,-76.98102,31,
8818,38.85137,-76.98103,32,
8818,38.85146,-76.98107,33,
8818,38.8516,-76.9812,34,
8818,38.85179,-76.98145,35,
8818,38.85203,-76.98178,36,
8818,38.85264,-76.98266,37,
8818,38.85294,-76.98306,38,
8818,38.85301,-76.98312,39,
8818,38.85308,-76.98317,40,
8818,38.85321,-76.98325,41,
8818,38.85345,-76.98337,42,
8818,38.85355,-76.98346,43,
8818,38.85365,-76.98362,44,
8818,38.85372,-76.98381,45,
8818,38.85377,-76.984,46,
8818,38.85401,-76.98489,47,
8818,38.85412,-76.98525,48,
8818,38.85433,-76.98562,49,
8818,38.85445,-76.98583,50,
8818,38.85464,-76.98609,51,
8818,38.85505,-76.98647,52,
8818,38.85524,-76.98655,53,
8818,38.85553,-76.9867,54,
8818,38.85585,-76.98693,55,
8818,38.85606,-76.98697,56,
8818,38.8564,-76.98703,57,
8818,38.85731,-76.9872,58,
8818,38.85752,-76.98732,59,
8818,38.85796,-76.98762,60,
8818,38.85819,-76.98808,61,
8818,38.85841,-76.98855,62,
8818,38.85843,-76.98899,63,
8818,38.85847,-76.99013,64,
8818,38.85847,-76.99126,65,
8818,38.85846,-76.9916,66,
8818,38.85844,-76.99185,67,
8818,38.85842,-76.99273,68,
8818,38.85841,-76.99328,69,
8818,38.85856,-76.99329,70,
8818,38.85886,-76.99333,71,
8818,38.85915,-76.99338,72,
8818,38.85941,-76.99342,73,
8818,38.86027,-76.99357,74,
8818,38.86113,-76.99371,75,
8818,38.86128,-76.99374,76,
8818,38.86142,-76.99376,77,
8818,38.86152,-76.99379,78,
8818,38.86183,-76.9941,79,
8818,38.86271,-76.9956,80,
8818,38.86277,-76.9958,81,
8818,38.86265,-76.9962,82,
8818,38.86255,-76.9963,83,
8818,38.86239,-76.99627,84,
8818,38.86216,-76.99584,85,
8818,38.86203,-76.99559,86,
8818,38.86191,-76.99534,87,
8818,38.86182,-76.9951,88,
8818,38.86173,-76.99487,89,
8818,38.86183,-76.99469,90,
8818,38.86201,-76.9945,91,
8818,38.86157,-76.99371,92,
8818,38.8619,-76.99342,93,
8818,38.86225,-76.99314,94,
8818,38.86304,-76.99168,95,
8818,38.86357,-76.99074,96,
8818,38.86391,-76.99027,97,
8818,38.86427,-76.99005,98,
8818,38.8648,-76.98978,99,
8818,38.86499,-76.98969,100,
8818,38.86517,-76.98963,101,
8818,38.86567,-76.9894,102,
8818,38.86633,-76.98911,103,
8818,38.86665,-76.98895,104,
8818,38.86698,-76.98879,105,
8818,38.86726,-76.98867,106,
8818,38.86736,-76.98861,107,
8818,38.86784,-76.98839,108,
8818,38.86836,-76.98814,109,
8818,38.86878,-76.98814,110,
8818,38.86901,-76.98825,111,
8818,38.87021,-76.98909,112,
8818,38.87171,-76.99031,113,
8818,38.87223,-76.99065,114,
8818,38.87279,-76.99101,115,
8818,38.87353,-76.9913,116,
8818,38.87406,-76.99138,117,
8818,38.8765,-76.99145,118,
8818,38.8765,-76.99318,119,
8818,38.8765,-76.99492,120,
8818,38.87749,-76.99493,121,
8818,38.87783,-76.99493,122,
8818,38.87803,-76.99495,123,
8818,38.87913,-76.99494,124,
8818,38.88094,-76.99494,125,
8818,38.88116,-76.99493,126,
8818,38.88145,-76.99493,127,
8818,38.88273,-76.99494,128,
8818,38.88302,-76.99495,129,
8818,38.88335,-76.99493,130,
8818,38.88382,-76.99493,131,
8818,38.8845,-76.99494,132,
8818,38.886,-76.99494,133,
8818,38.88711,-76.99493,134,
8818,38.88736,-76.99493,135,
8818,38.88758,-76.99492,136,
8818,38.88866,-76.99492,137,
8818,38.88969,-76.99492,138,
8818,38.89001,-76.99491,139,
8818,38.89024,-76.99492,140,
8818,38.8908,-76.99493,141,
8818,38.89174,-76.99492,142,
8818,38.89212,-76.99585,143,
8818,38.89251,-76.99679,144,
8818,38.89277,-76.99749,145,
8818,38.89304,-76.99818,146,
8818,38.89314,-76.99831,147,
8818,38.89321,-76.99849,148,
8818,38.89397,-76.9985,149,
8818,38.89406,-76.99863,150,
8818,38.89408,-76.99879,151,
8818,38.89408,-77.00045,152,
8818,38.89409,-77.00062,153,
8818,38.89424,-77.00106,154,
8818,38.89446,-77.0016,155,
8818,38.89484,-77.00254,156,
8818,38.89523,-77.00349,157,
8818,38.89558,-77.00434,158,
8818,38.89593,-77.00519,159,
